267 0.0259649753571
7 0.00318884849548
267 0.0278468132019
2 0.00271701812744
7 0.00378704071045
1 0.00156903266907
267 0.0259778499603
1 0.00107908248901
1 0.00170207023621
7 0.00362801551819
2107 0.183717012405
66667 5.71459507942
2107 0.187634944916
1 0.00127100944519
1 0.000913143157959
2107 0.179790973663
1 0.00183606147766
1 0.000616073608398
7 0.00287508964539
3 0.00316405296326
1 0.00162291526794
1 0.0022120475769
1 0.00593996047974
1 0.00110816955566
1 0.00243997573853
1 4.50611114502e-05
267 0.0265758037567
3 0.00156998634338
1 0.000929832458496
2 0.00244402885437
3 0.00343108177185
3 0.0023832321167
1 0.000629186630249
1 0.00140881538391
267 0.0268630981445
3 0.00282502174377
1 0.00056791305542
3 0.00224208831787
1 0.00053596496582
2 0.00186586380005
1 0.00065803527832
2 0.000996828079224
1 0.000998020172119
1 0.000901937484741
2107 0.179805994034
7 0.00463795661926
2 0.00405406951904
267 0.0214719772339
1 0.000929117202759
7 0.00227117538452
1 3.19480895996e-05
1 0.00201296806335
267 0.0285589694977
2107 0.185173034668
1 0.00151491165161
66667 5.71331310272
7 0.00182390213013
1 0.00120902061462
1 3.19480895996e-05
267 0.0233809947968
7 0.00407886505127
1 0.000769138336182
2 0.00249218940735
1 0.0016770362854
7 0.00413703918457
3 0.00190782546997
1 0.000842094421387
1 0.00176811218262
1 0.0182378292084
1 0.00142598152161
1 0.00139880180359
1 0.00110912322998
1 0.00438809394836
267 0.230573892593
1 0.00108194351196
1 0.00147891044617
2 0.00160479545593
7 0.00476002693176
1 0.00252199172974
267 0.0279531478882
1 0.000971078872681
1 0.000679969787598
1 0.00511884689331
2 0.00146198272705
7 0.00251007080078
1 0.00132393836975
1 0.00514507293701
1 0.00944304466248
1 0.00744700431824
1 0.00133180618286
1 0.000906944274902
1 0.00068211555481
1 0.00114512443542
267 0.0282580852509
1 0.000687122344971
1 0.00818705558777
1 0.000891923904419
2107 0.186991930008
7 0.00320196151733
1 0.00127792358398
1 0.0023558139801
