267 0.00404906272888
7 0.0049991607666
267 0.0247459411621
1 0.00147891044617
1 0.00138688087463
2107 0.185992956161
1 0.00128102302551
1 0.00418591499329
1 0.000705003738403
3 0.00252389907837
3 0.00137805938721
2107 0.185439825058
7 0.00148582458496
2 0.00226283073425
2 0.0027449131012
3 0.00181889533997
3 0.0043408870697
1 0.00133204460144
267 0.0304789543152
267 0.0263450145721
2 0.00242495536804
1 0.000437021255493
1 0.00145602226257
1 0.000776052474976
1 0.00156688690186
2 0.00242114067078
1 0.000986814498901
267 0.0267701148987
1 0.00143003463745
267 0.0277869701385
1 0.00183916091919
1 0.000977993011475
1 0.00397992134094
1 0.00139379501343
1 0.00405406951904
267 0.0258569717407
2107 0.186016082764
1 0.00202202796936
