3 0.00215601921082
1 0.00121593475342
7 0.000144004821777
2 0.00214195251465
2 0.00333309173584
1 0.0592861175537
1 0.000585079193115
2107 0.180362939835
1 0.00238013267517
1 0.16529583931
66667 5.71298289299
3 0.00738286972046
1 0.0014181137085
1 0.00154995918274
1 0.000817060470581
1 0.00264310836792
1 0.000502824783325
7 0.000131130218506
7 0.00462508201599
1 0.000698089599609
1 0.00104904174805
1 0.00283718109131
1 0.0138289928436
1 0.000745058059692
7 0.289089918137
1 0.000814914703369
1 0.00649094581604
267 3.38065099716
1 0.00043797492981
1 0.00182104110718
7 0.00341010093689
1 0.000716924667358
267 0.0229301452637
7 0.00812911987305
267 0.0235629081726
3 1.00627088547
2 0.00344300270081
2 0.0063259601593
2107 0.184764146805
1 0.001540184021
7 0.000963926315308
7 0.00840091705322
3 0.00165605545044
2107 0.182156085968
267 0.0287330150604
1 0.000967979431152
1 0.000768899917603
2 0.00141000747681
7 0.00202107429504
1 0.0045211315155
1 0.47163105011
66667 39.3088731766
1 0.00074291229248
1 0.00078010559082
1 0.000671148300171
3 0.00449585914612
3 0.136710882187
66667 5.71211385727
666667 62.8505740166
1 0.000176906585693
1 0.00462102890015
66667 7.7414431572
1 0.000663042068481
3 0.00200510025024
1 0.000821113586426
1 0.0011248588562
7 0.00180888175964
7 0.00175404548645
1 4.41074371338e-05
1 0.00115704536438
1 0.000714063644409
1 0.000966787338257
267 0.0242969989777
1 0.000864028930664
1 0.000251054763794
267 0.0229258537292
2 0.00702810287476
2 0.00171613693237
66667 5.71238994598
2107 0.190876960754
2 0.00150299072266
2107 0.180104017258
3 0.00218296051025
267 0.0272500514984
3 0.00125098228455
1 0.00078296661377
1 0.00548219680786
3 0.00193381309509
1 0.00109601020813
1 0.00344300270081
1 0.000633955001831
3 0.00943899154663
7 0.00215196609497
3 0.000920057296753
2107 0.180981874466
1 0.000622987747192
1 0.00734496116638
1 0.000921964645386
267 0.0250079631805
1 0.00114607810974
1 0.00144386291504
267 0.0231461524963
1 0.00100708007812
267 0.0216500759125
1 0.000916957855225
1 0.00128602981567
1 0.00160503387451
1 0.00139808654785
1 0.00145483016968
1 0.000677824020386
1 0.000627994537354
1 0.000895977020264
3 0.000404119491577
267 0.0230400562286
3 0.00203704833984
7 0.000797986984253
1 0.000205993652344
3 0.00028395652771
1 0.00068998336792
7 0.00547409057617
1 0.00591778755188
1 0.000946998596191
267 3.51009297371
2107 0.180222034454
2 0.0141739845276
7 1.40104007721
1 0.000892877578735
3 0.00201416015625
1 0.00108098983765
1 0.000377893447876
2 0.000114917755127
1 0.000639915466309
1 0.000699043273926
2 0.00117611885071
1 0.000536918640137
1 0.00187802314758
3 0.00213479995728
7 0.00339007377625
2 0.000243902206421
1 0.00101900100708
1 0.000876903533936
3 0.00113201141357
1 0.000692844390869
1 0.0031418800354
1 0.00098705291748
1 0.700650930405
7 0.00540900230408
1 0.699258089066
1 0.000758171081543
267 0.0988209247589
7 0.000115156173706
7 0.0102889537811
1 0.0253069400787
1 0.00295686721802
66667 5.71324300766
2 0.00343680381775
2 1.35552787781
1 0.0253889560699
66667 5.71770000458
3 0.00674796104431
1 0.00274014472961
2107 1.82573223114
267 0.0332930088043
666667 57.4070370197
1 0.0116810798645
267 0.0237739086151
66667 5.71299695969
3 0.00743293762207
66667 8.37328314781
1 0.519217014313
2 0.000965118408203
1 0.183119058609
3 0.00261092185974
1 0.00144290924072
1 0.000994920730591
7 0.00369906425476
2 0.00553011894226
1 0.000737905502319
2 0.00350904464722
66667 5.71078300476
1 0.00112700462341
7 0.00439405441284
1 0.00105595588684
1 0.519812107086
1 0.000201940536499
267 0.956089019775
666667 57.3161389828
2 0.329213142395
1 0.00107383728027
1 0.00111198425293
1 0.000800848007202
2 0.00135707855225
66667 5.70968985558
7 0.00328087806702
267 0.0226089954376
3 0.00635695457458
1 0.00103306770325
2107 0.180475950241
7 0.0034441947937
2 0.00123810768127
1 0.00316691398621
3 0.00201988220215
267 0.022429227829
267 0.0219252109528
7 0.00675821304321
3 0.00440788269043
1 0.000895977020264
66667 0.291368961334
1 4.38690185547e-05
7 0.00305485725403
267 0.0233469009399
1 0.000879049301147
1 0.00325012207031
1 0.00132608413696
2 0.00118708610535
1 0.000650882720947
1 0.000818014144897
1 0.000815868377686
1 0.00150012969971
3 0.00653195381165
