2 0.00215101242065
1 0.00807595252991
1 0.0104088783264
1 0.000679969787598
1 0.000905990600586
2 0.0122969150543
1 0.000917911529541
3 0.0141949653625
3 0.00175881385803
1 0.000717163085938
1 0.00245308876038
7 0.00334405899048
1 0.00557613372803
267 0.0269310474396
2107 0.180569887161
2107 2.33744812012
66667 5.89372301102
7 0.00373983383179
66667 5.91768288612
1 0.00184297561646
2 0.00145292282104
1 0.000488042831421
1 0.000626087188721
267 0.0930981636047
2107 0.183070898056
66667 5.73280286789
2107 0.181113004684
7 0.00407695770264
7 0.00368404388428
1 0.0010678768158
66667 5.71447682381
1 0.000607013702393
1 0.00313019752502
7 0.00192594528198
3 0.00157999992371
267 0.0278868675232
1 0.00484180450439
1 0.000757932662964
267 0.0224430561066
1 0.00210094451904
1 0.000624895095825
1 0.000497102737427
2 0.00158500671387
1 0.000829935073853
1 0.000699043273926
7 0.00322604179382
1 0.010048866272
2107 0.18500995636
1 0.00148391723633
1 0.00137400627136
2 0.00103688240051
1 0.00159311294556
1 3.40938568115e-05
1 0.000675916671753
267 0.0231249332428
7 0.000669956207275
66667 5.92066287994
3 0.00213193893433
1 0.000855922698975
2 0.001384973526
3 0.0103380680084
1 0.00229787826538
1 0.00111293792725
1 0.00635600090027
267 0.022665977478
7 0.00350785255432
7 0.0127921104431
1 0.000781059265137
3 0.00127792358398
2107 0.186456918716
1 0.0140180587769
1 0.00435900688171
2 0.001953125
267 0.0249199867249
3 0.00271010398865
1 0.000344038009644
1 0.00224208831787
2 0.00168395042419
1 0.00102806091309
1 0.00906705856323
1 0.00110912322998
1 0.00213098526001
267 0.0248749256134
1 0.00137996673584
7 0.00108408927917
3 0.00180196762085
3 0.0012481212616
1 4.72068786621e-05
1 0.00757622718811
2 0.00330209732056
1 0.00187206268311
1 0.000808954238892
7 0.0156791210175
2107 0.183841943741
2 0.00340414047241
1 0.00067400932312
7 0.00419902801514
3 0.00118899345398
7 0.00336194038391
1 0.00725722312927
7 0.00283098220825
7 0.00934195518494
66667 5.71381902695
7 0.00519585609436
267 0.00353693962097
1 0.000380039215088
3 0.0153629779816
1 0.00309610366821
1 0.000840902328491
1 0.000595092773438
1 0.000975131988525
267 0.0216948986053
1 0.00108098983765
3 0.00128197669983
2107 0.179580211639
1 9.3936920166e-05
1 0.00116586685181
7 0.00134611129761
2 0.00754594802856
267 0.0215051174164
2 0.0032479763031
267 0.0229620933533
1 0.00113606452942
1 0.00222396850586
1 0.000823020935059
2 0.00739502906799
1 0.000664949417114
7 0.00738382339478
1 0.000509023666382
2107 0.180522918701
1 0.000761985778809
2 0.00151109695435
1 0.000186204910278
267 0.0214388370514
7 0.000581979751587
1 7.79628753662e-05
1 0.000864028930664
2 0.00128602981567
1 0.000631093978882
1 0.00101900100708
1 0.000838041305542
1 0.00889110565186
2 0.00186991691589
267 0.0234549045563
3 0.0019359588623
1 0.00767087936401
