3 0.00968194007874
3 0.00489020347595
3 0.00625610351562
2 0.00151801109314
3 0.00274205207825
1 0.00600218772888
1 0.00672698020935
1 0.00118589401245
1 0.000154972076416
1 0.00358605384827
1 0.00106191635132
2 0.0014820098877
7 0.00151395797729
7 0.00327396392822
1 0.000549793243408
1 0.0110700130463
1 0.00282788276672
2 7.41481781006e-05
66667 5.71750092506
1 0.00173187255859
7 0.00142288208008
1 0.000678062438965
7 0.0040819644928
1 0.000598907470703
1 0.000532865524292
7 0.00216317176819
1 0.000925064086914
1 0.00802493095398
1 0.00118207931519
1 0.0011990070343
1 0.000714778900146
7 0.0022988319397
267 0.022919178009
3 0.00277280807495
1 0.000452041625977
1 0.000484943389893
267 0.0219779014587
1 0.0010290145874
267 0.0254330635071
1 0.000768899917603
3 0.00208806991577
1 0.00151801109314
267 0.0232520103455
7 0.0134840011597
3 0.00890898704529
1 0.00733089447021
3 0.00206303596497
7 0.0155229568481
66667 5.71231198311
1 0.00105595588684
1 0.00180983543396
3 6.8187713623e-05
66667 5.71954488754
1 3.31401824951e-05
2107 0.179423809052
267 0.00214385986328
1 0.000939130783081
3 0.00206303596497
1 0.000364065170288
1 0.000935792922974
1 0.000452041625977
3 0.0039370059967
1 0.001060962677
2 0.000917911529541
1 0.000613927841187
2107 0.180182933807
1 0.0128660202026
1 0.00102305412292
1 0.00181794166565
2107 0.188479185104
1 0.00740814208984
66667 5.73075699806
267 0.0255198478699
1 0.00228095054626
66667 9.0079138279
1 0.0155870914459
1 0.00100994110107
1 0.00482392311096
66667 5.7690820694
1 0.00133395195007
1 0.00154089927673
7 0.00298595428467
1 0.00118112564087
1 0.000890016555786
1 0.00190114974976
267 0.0266878604889
2 0.00133895874023
1 0.000539064407349
3 0.00182700157166
1 0.000562906265259
3 0.00328683853149
267 0.00227379798889
1 0.00236201286316
1 0.000940084457397
2 0.00209999084473
2 0.0631248950958
7 0.0033278465271
2 0.00137591362
1 0.000859022140503
3 0.000463008880615
1 0.000244140625
2 5.98430633545e-05
1 0.00150799751282
666667 57.1396830082
66667 5.7114379406
7 0.00163102149963
2 0.00298690795898
7 0.0124418735504
2107 0.181421041489
267 0.0247621536255
1 0.00849795341492
1 0.000513792037964
1 0.00391483306885
66667 5.71163105965
66667 5.71267700195
267 0.0229978561401
66667 5.73354411125
1 0.000205039978027
1 0.000899791717529
3 0.0017728805542
1 0.00105404853821
1 0.000763893127441
1 0.00109195709229
66667 5.710034132
1 0.000916957855225
2 0.00216794013977
1 0.00135111808777
1 0.000668048858643
2107 0.180150032043
7 8.29696655273e-05
1 0.000750064849854
267 0.021791934967
1 0.00196099281311
1 0.000589847564697
1 0.0099630355835
1 0.000714063644409
2107 0.180232048035
1 0.000917911529541
1 0.000584125518799
1 0.000598192214966
1 0.000911951065063
1 0.00178194046021
1 0.00355195999146
267 0.0255129337311
3 0.00199604034424
1 0.000791072845459
66667 5.71107196808
7 0.000537157058716
1 0.00146913528442
3 0.00302410125732
7 0.00182294845581
2 0.00771403312683
267 0.0268239974976
1 0.000982999801636
1 0.0141160488129
267 0.022176027298
1 0.0015721321106
3 0.00154995918274
7 0.00178503990173
2107 0.182605028152
1 0.00668287277222
7 0.00183200836182
1 0.000424146652222
1 0.000992059707642
7 0.00364017486572
7 0.00143098831177
1 0.0338509082794
1 0.000667810440063
267 0.0255880355835
2 0.00154185295105
