1 0.000977993011475
1 0.00066089630127
2107 0.183496952057
2 0.00155091285706
2 0.00100898742676
1 0.00136303901672
1 0.00182199478149
1 0.000907182693481
1 0.000740051269531
3 0.00222396850586
267 0.0285081863403
1 0.00110507011414
1 0.000936985015869
1 0.000767946243286
3 0.0374529361725
1 0.00148701667786
7 0.00285816192627
66667 5.7166121006
1 0.000839948654175
1 0.00120091438293
1 0.011225938797
267 0.0267059803009
2 0.00130391120911
1 0.00175094604492
1 0.00121784210205
1 0.00210213661194
1 0.000818014144897
1 0.00202393531799
3 0.00367212295532
1 0.00795388221741
7 0.00379800796509
2 0.00635504722595
267 0.0217068195343
2 0.00236010551453
1 0.00142884254456
1 0.00465607643127
267 0.0268461704254
1 0.000686883926392
1 0.000895977020264
1 0.00144910812378
1 0.00461006164551
1 3.40938568115e-05
1 0.000602960586548
1 0.000632047653198
1 0.000808954238892
7 0.00598883628845
267 0.0238709449768
1 0.020430803299
7 0.00371313095093
7 0.0129070281982
1 0.00137305259705
7 0.00494408607483
7 0.00324511528015
2107 0.180783033371
1 0.00143790245056
1 0.00117611885071
1 0.000379085540771
7 0.000792980194092
2 0.000849008560181
1 0.0014328956604
1 4.00543212891e-05
1 0.00598001480103
1 0.020770072937
66667 5.71114897728
1 0.000725984573364
1 0.00256609916687
267 0.0224199295044
2107 0.180530786514
2107 0.180446147919
1 0.000283002853394
7 0.00285601615906
2 0.00196290016174
1 0.000291109085083
1 0.000468015670776
267 0.0219218730927
267 0.0231559276581
1 0.000910997390747
2107 0.183455944061
2 0.0025999546051
1 0.00112009048462
1 0.00652098655701
7 0.00742483139038
1 0.00124096870422
1 0.00167894363403
1 0.00162696838379
1 0.000382900238037
1 0.000763893127441
1 0.000288009643555
1 0.000872135162354
1 0.00470590591431
1 0.00178503990173
3 0.00133991241455
1 0.00111103057861
3 0.00736379623413
66667 5.71857094765
1 0.00119400024414
267 0.0270140171051
2 0.00171589851379
3 0.00355792045593
1 0.000754833221436
1 0.00054407119751
2107 0.179574966431
66667 5.71585297585
267 0.0264050960541
267 0.0236999988556
1 0.00114107131958
1 0.000556945800781
1 0.00810599327087
1 0.00103998184204
1 0.0117609500885
7 0.00241899490356
2 0.00097393989563
267 0.0333430767059
2107 0.17973613739
267 0.0231328010559
1 0.00208401679993
1 0.000992059707642
1 0.00227308273315
2 0.00161600112915
1 0.000938177108765
1 0.00395798683167
1 0.00251698493958
3 0.00161814689636
2107 0.18018913269
1 3.19480895996e-05
1 0.000675201416016
7 0.00389909744263
1 0.00061297416687
1 0.000250816345215
1 0.00147294998169
267 0.0265669822693
1 0.00118017196655
1 0.000687837600708
2 0.00113582611084
267 0.0269379615784
1 0.00126886367798
3 0.00238013267517
1 0.00165796279907
1 0.00158596038818
1 0.00154590606689
2 0.00145792961121
1 0.00445914268494
66667 5.71132993698
1 0.000649929046631
2107 0.180989980698
7 0.0027871131897
1 0.00172305107117
2 0.00228905677795
3 0.00270509719849
1 3.60012054443e-05
1 0.00142598152161
