2 0.00469303131104
3 0.00475192070007
1 0.00120806694031
1 0.00114393234253
66667 5.71298193932
2 0.0018949508667
1 0.00175595283508
3 0.00907421112061
1 0.00645089149475
2107 0.183257818222
1 0.00194907188416
66667 5.71609210968
1 0.00180816650391
1 0.000695943832397
1 4.00543212891e-05
1 0.00196719169617
1 0.00349688529968
1 0.00131392478943
666667 57.1167318821
2107 0.184783935547
1 0.00579285621643
1 0.0012481212616
1 0.000771045684814
7 0.0031898021698
3 0.0019850730896
1 0.00191807746887
267 0.0260810852051
7 0.00655913352966
666667 57.1084470749
2107 0.184811115265
3 0.00172400474548
2107 0.185475826263
1 0.00144505500793
1 0.00144219398499
3 0.00884389877319
1 0.00105404853821
2107 0.182056188583
7 0.0041880607605
1 0.00252890586853
1 0.000883102416992
1 0.00151896476746
1 0.000286102294922
1 0.000938892364502
1 0.0119791030884
1 0.00151419639587
1 0.00936007499695
2 0.00984597206116
2 0.00145196914673
66667 5.7172768116
267 0.022472858429
267 0.0248959064484
1 0.0010449886322
1 0.000673055648804
2107 0.183773040771
1 0.00123500823975
1 3.21865081787e-05
66667 5.71343803406
