267 0.0422399044037
1 6.38961791992e-05
2 0.00171494483948
3 0.00221800804138
2 0.0165069103241
2 0.00168991088867
1 0.00123405456543
2107 0.183586835861
267 0.0287210941315
267 0.0230920314789
1 0.000288963317871
1 0.00134611129761
1 0.000322103500366
267 0.0256409645081
1 4.50611114502e-05
1 0.00079083442688
1 0.0127809047699
2 0.00321984291077
2 0.0014328956604
267 0.0226700305939
267 0.0244278907776
1 0.000521898269653
1 0.000710964202881
2107 0.179582834244
2 0.00500798225403
7 0.00184082984924
267 0.0222039222717
7 0.00337600708008
1 0.00507187843323
267 0.0271880626678
66667 5.71574211121
1 0.000972032546997
2107 0.179712057114
1 0.00138306617737
7 0.00223994255066
1 0.000913858413696
1 0.000767946243286
1 0.00440192222595
1 0.00103807449341
2 0.00110387802124
1 0.00800800323486
3 0.00229692459106
267 0.0247409343719
267 0.0228757858276
3 0.00262689590454
1 0.0127830505371
267 0.0227878093719
66667 5.70993804932
3 5.19752502441e-05
3 0.00674486160278
3 0.000259876251221
1 0.00687313079834
7 0.0053391456604
1 0.00111317634583
66667 5.71158194542
3 8.98838043213e-05
66667 5.71072697639
1 0.000735998153687
1 0.00115203857422
1 0.000781774520874
1 0.000893115997314
7 0.00912499427795
2 0.00150799751282
1 0.00067400932312
1 0.00132083892822
1 0.000614881515503
1 0.000712871551514
2 0.00151205062866
1 0.00785803794861
1 0.0040340423584
7 0.000800132751465
66667 5.71280694008
1 0.00122714042664
3 0.200297117233
7 0.00170207023621
2107 2.17585897446
3 0.010715007782
3 0.00222611427307
66667 5.89165997505
267 0.0218360424042
267 0.0323600769043
2 0.00152683258057
1 0.000844955444336
3 0.00192284584045
1 3.09944152832e-05
267 0.0227489471436
1 0.000593185424805
267 0.0226249694824
1 0.00113296508789
1 0.000935792922974
1 3.00407409668e-05
2 0.000310182571411
66667 5.7103331089
1 0.00064492225647
2107 0.180685043335
1 0.00566005706787
267 0.028920173645
267 0.0328979492188
1 0.00159502029419
1 0.00095796585083
3 0.00152707099915
267 0.00357294082642
66667 5.7108309269
1 0.00314211845398
1 0.00699305534363
1 0.000446081161499
1 0.000694036483765
1 0.000710964202881
1 0.00855994224548
267 0.0220019817352
7 0.00278306007385
1 0.000843048095703
1 0.000197887420654
1 0.000457048416138
7 0.00826382637024
7 0.00733304023743
267 0.0220711231232
2 4.50611114502e-05
1 0.00158405303955
267 0.0033130645752
3 0.00199913978577
1 0.000823020935059
2 0.00240707397461
2107 0.180637121201
1 0.000731945037842
3 0.000761985778809
1 0.000877857208252
1 0.00102591514587
1 0.000209093093872
7 0.00304102897644
1 0.00986814498901
1 0.000926971435547
7 0.00354790687561
1 0.00359582901001
1 0.00658392906189
1 0.00068998336792
1 0.00128793716431
7 0.00458598136902
267 0.0214579105377
3 0.00119590759277
1 0.00110411643982
267 0.0217311382294
267 0.0268740653992
2107 0.186131000519
7 0.0043158531189
1 0.0059061050415
1 0.00677800178528
1 0.00367593765259
1 0.000564813613892
1 0.000244140625
1 0.00512504577637
1 0.000423908233643
1 0.00743293762207
1 0.0012309551239
1 0.00100803375244
1 0.00112199783325
1 0.000611066818237
66667 5.71133613586
1 0.000711917877197
7 0.0018150806427
1 0.000500917434692
2107 0.180114030838
2107 0.0928649902344
7 0.00595498085022
1 0.000977039337158
2 0.00130295753479
7 0.000666856765747
3 0.0114419460297
2 0.000385999679565
267 0.0232038497925
3 0.00220513343811
267 0.0227408409119
1 0.00106906890869
2 0.00534296035767
1 0.000252962112427
2107 0.179859161377
1 0.00333309173584
267 0.0229060649872
1 0.000170946121216
267 0.021625995636
1 0.00220584869385
2107 0.183151006699
3 0.0110940933228
7 0.00296497344971
1 0.00755310058594
1 0.00098705291748
1 3.31401824951e-05
267 0.0225520133972
7 0.00284290313721
1 0.000795125961304
3 0.00195908546448
1 0.00145816802979
267 0.0229048728943
1 0.0120210647583
267 0.0264019966125
1 0.000995874404907
1 0.00152707099915
1 0.00129318237305
2 0.000334024429321
7 0.0099880695343
3 0.00160098075867
2 0.00799989700317
1 0.00140690803528
1 0.000607967376709
1 0.00086522102356
7 0.00217485427856
7 0.0072009563446
1 0.00119209289551
1 3.50475311279e-05
2107 0.180261135101
1 0.00129294395447
267 0.0228610038757
1 0.00129914283752
1 0.00133895874023
1 0.00355195999146
2107 0.0076060295105
1 0.000816822052002
7 0.00317597389221
2 0.0028190612793
1 0.00321102142334
1 0.00364398956299
3 0.0128371715546
1 0.00269913673401
267 0.0223729610443
1 0.000797986984253
2 0.00139212608337
1 0.000195980072021
1 0.00521898269653
2107 0.180541038513
7 0.0039439201355
1 0.00151395797729
2107 0.180843830109
1 0.00308799743652
7 0.00271391868591
1 0.0192580223083
1 0.00135898590088
1 0.0010929107666
267 0.0209949016571
1 0.00071907043457
1 5.00679016113e-05
1 0.000718116760254
7 0.000885963439941
2 0.000262975692749
1 0.00151896476746
1 0.00152087211609
