2107 0.185481786728
2 0.00339889526367
267 0.0262010097504
1 0.00124192237854
2107 0.185110807419
1 0.00121212005615
1 0.00118184089661
1 0.00135588645935
267 0.0281970500946
1 0.00164985656738
1 0.00182008743286
267 0.230046033859
1 0.00134015083313
1 0.00156402587891
1 0.00205612182617
7 0.00429892539978
2 0.00273895263672
1 3.38554382324e-05
1 0.00140404701233
3 0.00193214416504
1 0.00631999969482
1 0.00195407867432
267 0.231943130493
1 0.00115704536438
1 4.19616699219e-05
1 0.00214409828186
2 0.00422787666321
3 0.00395202636719
1 0.00242805480957
1 0.00784611701965
666667 57.3386790752
1 0.00120210647583
2 0.00259709358215
267 0.00308704376221
7 0.0034499168396
2107 0.184421062469
1 0.000886917114258
1 0.000962972640991
3 0.00120997428894
1 0.516535043716
7 0.00345802307129
2107 0.184558868408
66667 5.71558308601
66667 5.73819422722
1 0.000637054443359
7 0.00376605987549
666667 57.1283679008
1 0.000869989395142
2 0.000938892364502
7 0.00294804573059
3 0.00199794769287
1 0.00529193878174
66667 5.71247386932
2 0.00478196144104
7 0.00352311134338
1 0.00113105773926
1 0.000462055206299
1 0.00521612167358
7 0.0106060504913
267 0.0271859169006
