2 0.00453591346741
7 0.00337290763855
2 0.00450992584229
7 0.00547194480896
1 0.00156497955322
3 0.00351500511169
1 0.00639986991882
3 0.00665903091431
267 0.0281028747559
1 0.00112199783325
1 0.00595498085022
1 0.00159120559692
3 0.0049090385437
2 0.00260210037231
1 0.00132608413696
1 0.00872087478638
1 0.00219511985779
1 0.00641298294067
3 0.00336790084839
1 0.00160098075867
1 0.0046660900116
1 0.00193214416504
1 0.0014808177948
7 0.00419402122498
1 0.00151085853577
1 0.00281119346619
1 0.00668811798096
2 0.00282907485962
1 0.00781893730164
1 0.0015549659729
1 0.00104713439941
2 0.00687503814697
2 0.00296902656555
