1 0.00309300422668
7 0.00323700904846
1 0.000452041625977
267 0.0273060798645
7 0.00228309631348
1 0.00076699256897
267 0.0281291007996
1 0.0077850818634
7 0.00348091125488
2 6.69956207275e-05
1 0.00132012367249
2107 0.00772309303284
1 0.00470399856567
267 0.0271680355072
1 0.00683808326721
267 0.034677028656
1 0.0464448928833
1 0.00153517723083
3 0.00290203094482
2 0.00377297401428
7 0.00197887420654
1 0.000895977020264
3 0.00230693817139
1 0.00188493728638
2107 0.180262088776
2 0.00771307945251
1 0.00214505195618
3 0.00154900550842
1 0.00136089324951
1 0.00210618972778
2 0.00128602981567
1 0.00167989730835
2 0.00116014480591
666667 57.4344320297
1 0.00501990318298
1 0.00141286849976
1 0.000975847244263
3 0.00888395309448
1 0.000496864318848
2107 0.184961080551
2 0.00267791748047
3 0.00326895713806
1 0.000980854034424
1 0.000772953033447
1 0.00190901756287
267 0.0264220237732
1 0.00191187858582
7 0.0113289356232
7 0.00315999984741
1 0.00495910644531
1 0.00135207176208
7 0.00777816772461
1 0.000828981399536
267 0.0268759727478
267 0.00169992446899
1 0.00102996826172
3 0.000888109207153
2 0.00520300865173
666667 112.188273907
1 0.00146412849426
2 0.00221586227417
1 0.000575065612793
267 0.0244920253754
2107 0.180819034576
267 0.0221838951111
2107 0.179524183273
7 0.00489497184753
1 0.00254201889038
1 0.0020170211792
2 5.79357147217e-05
1 0.000893115997314
1 0.00116896629333
1 0.00646996498108
7 0.004714012146
7 0.00333499908447
2107 0.180204868317
1 0.00371503829956
7 0.00275588035583
267 0.0268211364746
1 0.0059380531311
1 0.00100493431091
1 0.00133490562439
267 0.0249311923981
2 0.00782895088196
267 0.021281003952
1 0.00976419448853
1 4.10079956055e-05
1 3.31401824951e-05
2 0.00128579139709
1 0.00149202346802
1 0.00249886512756
2 1.3971991539
1 0.00147199630737
666667 57.1184840202
1 0.00135207176208
2 0.00171709060669
267 0.0271911621094
267 0.0224750041962
1 0.000157833099365
1 0.000988960266113
7 0.00968503952026
267 0.0234270095825
1 0.0143179893494
1 0.00907611846924
